3-1 50 100 0 0
3-2 54 97 9 20
3-3 59 91 18 28
3-4 64 81 26 34
3-5 69 68 33 40
3-6 73 53 40 44
3-7 78 38 47 48
3-8 82 24 53 52
3-9 85 13 58 56
3-10 89 4 64 60
3-11 92 0 69 63
3-12 94 0 74 66
3-13 96 5 78 69
3-14 98 13 83 72
3-15 99 25 87 74
3-16 99 39 91 77
3-17 99 54 95 80
3-18 99 68 99 82
3-19 98 81 102 84
3-20 97 91 106 87
3-21 95 98 109 89
3-22 93 99 113 91
3-23 90 97 116 93
3-24 87 90 119 95
3-25 83 80 122 97
3-26 79 67 125 100
3-27 75 52 128 101
3-28 71 37 130 103
3-29 66 24 133 105
3-30 61 12 136 107